Molecule NaNO3 Parametros de Anagnostopoulos 2019 https://doi.org/10.1016/j.solmat.2019.04.019  1 immproper 
5 atoms
3 bonds
3 angles
1 impropers

Coords

1 -1.572790355198133 0.3671839949393397 1.448714451069046
2 -0.4414250279174487 -0.9841845743989288 -0.0678609290908094
3  1.3199902628696907 -0.30868889519029413 -1.2145143168872456
4  0.2843905776364166 1.0213667975972203 0.21116830329305136
5  0.40983454260947666 -0.09567732294733734 -0.3775075083840440

Types

1 1
2 3
3 3
4 3
5 2

Charges

1 1
2 -0.65
3 -0.65
4 -0.65
5 0.95

Bonds

1 1 5 2
2 1 5 3
3 1 5 4

Angles

1 1 2 5 3
2 1 2 5 4
3 1 3 5 4

Impropers

1 1 5 2 3 4


